2023-07-25 23:46 [4, 9, 8, 3, 1, 11, 2, 13, 25, 6]
2023-07-25 23:46 [4, 8, 9, 3, 1, 11, 2, 13, 25, 6]
2023-07-25 23:46 [4, 8, 3, 9, 1, 11, 2, 13, 25, 6]
2023-07-25 23:46 [4, 8, 3, 1, 9, 11, 2, 13, 25, 6]
2023-07-25 23:46 [4, 8, 3, 1, 9, 2, 11, 13, 25, 6]
2023-07-25 23:46 [4, 8, 3, 1, 9, 2, 11, 13, 6, 25]
2023-07-25 23:46 [4, 3, 8, 1, 9, 2, 11, 13, 6, 25]
2023-07-25 23:46 [4, 3, 1, 8, 9, 2, 11, 13, 6, 25]
2023-07-25 23:46 [4, 3, 1, 8, 2, 9, 11, 13, 6, 25]
2023-07-25 23:46 [4, 3, 1, 8, 2, 9, 11, 6, 13, 25]
2023-07-25 23:46 [3, 4, 1, 8, 2, 9, 11, 6, 13, 25]
2023-07-25 23:46 [3, 1, 4, 8, 2, 9, 11, 6, 13, 25]
2023-07-25 23:46 [3, 1, 4, 2, 8, 9, 11, 6, 13, 25]
2023-07-25 23:46 [3, 1, 4, 2, 8, 9, 6, 11, 13, 25]
2023-07-25 23:46 [1, 3, 4, 2, 8, 9, 6, 11, 13, 25]
2023-07-25 23:46 [1, 3, 2, 4, 8, 9, 6, 11, 13, 25]
2023-07-25 23:46 [1, 3, 2, 4, 8, 6, 9, 11, 13, 25]
2023-07-25 23:46 [1, 2, 3, 4, 8, 6, 9, 11, 13, 25]
2023-07-25 23:46 [1, 2, 3, 4, 6, 8, 9, 11, 13, 25]
